array([-0.01033359])
array([ 0.43409653, -0.88886025])
array([ 0.45604542, -1.03701525,  0.148155  ])
array([ 0.48031649, -1.43662107,  1.20134604, -0.70212736])
array([  0.22706564,   8.06028578, -46.75803356,  76.22281814,
       -38.46247275])
array([-1.52971950e-01,  4.26817105e+01, -3.35349081e+02,  8.91973513e+02,
       -9.73497467e+02,  3.74013998e+02])
array([-1.49350573e-01,  4.17153461e+01, -3.23426783e+02,  8.40658825e+02,
       -8.74333070e+02,  2.85805534e+02,  2.94028210e+01])
array([-1.08187756e-01, -2.79901302e+00,  4.11094984e+02, -3.51513917e+03,
        1.14419516e+04, -1.76749271e+04,  1.30636216e+04, -3.72406252e+03])
array([-1.11244799e-01,  1.90768110e+01, -3.00623774e+01, -1.87674593e+02,
       -1.11072465e+03,  8.45853799e+03, -1.74254206e+04,  1.49426978e+04,
       -4.66669003e+03])
array([-1.1254719035468952e-01, 1.3331309735774994e+02, -2.6686857490539551e+03,
		2.3579426277160645e+04, -1.1276578366088867e+05, 3.1264942968750000e+05,
		-5.1552117065429688e+05, 4.9806604736328125e+05, -2.6027476269531250e+05, 
		5.6801928695678711e+04])